Blue Ridge Optics, November 2025				
Serial 002: LiF on 3-inch Silicon Wafer. With visibly hazy areas				
Used RC2XF Small Spot Ellipsometer with focused beam				
LiF Film Thickness in nm vs. Position				
X (cm)	Y (cm)	LiF Thickness, nm	LiF n@632.8 nm	Roughness, nm
1	3.4	559.57	1.381	10.52
0.8	3.4	559.50	1.382	10.39
0.6	3.4	560.94	1.380	10.21
0.4	3.4	559.92	1.381	10.18
0.2	3.4	559.85	1.381	9.91
0	3.4	560.21	1.381	9.74
-0.2	3.4	559.62	1.381	9.70
-0.4	3.4	559.02	1.382	9.72
-0.6	3.4	558.38	1.383	9.42
-0.8	3.4	558.68	1.383	9.62
-1	3.4	558.86	1.382	9.18
-1.4	3.2	559.40	1.381	9.30
-1.2	3.2	559.14	1.381	9.05
-1	3.2	559.65	1.380	10.07
-0.8	3.2	560.61	1.379	10.01
-0.6	3.2	561.24	1.379	9.92
-0.4	3.2	560.48	1.380	10.37
-0.2	3.2	560.71	1.379	10.26
0	3.2	560.62	1.379	10.83
0.2	3.2	560.71	1.380	11.44
0.4	3.2	560.92	1.379	10.90
0.6	3.2	561.35	1.378	10.91
0.8	3.2	560.74	1.380	11.01
1	3.2	560.72	1.379	10.77
1.2	3.2	560.53	1.380	11.19
1.4	3.2	560.87	1.379	11.80
1.8	3	561.37	1.378	11.92
1.6	3	561.79	1.377	11.48
1.4	3	561.69	1.378	11.51
1.2	3	561.54	1.378	11.31
1	3	561.89	1.377	11.02
0.8	3	561.61	1.378	11.23
0.6	3	561.65	1.378	11.84
0.4	3	561.81	1.378	11.19
0.2	3	561.05	1.379	11.31
0	3	561.43	1.377	10.86
-0.2	3	561.02	1.379	11.08
-0.4	3	561.20	1.378	10.92
-0.6	3	560.89	1.379	10.82
-0.8	3	560.28	1.380	10.03
-1	3	559.82	1.380	9.65
-1.2	3	559.92	1.380	9.69
-1.4	3	560.63	1.379	9.60
-1.6	3	560.51	1.380	9.32
-1.8	3	559.77	1.381	8.78
-2	2.8	559.51	1.380	9.23
-1.8	2.8	559.82	1.379	9.13
-1.6	2.8	559.81	1.379	9.75
-1.4	2.8	559.96	1.380	9.94
-1.2	2.8	559.64	1.379	10.02
-1	2.8	560.41	1.378	10.05
-0.8	2.8	559.29	1.381	10.97
-0.6	2.8	561.00	1.378	10.73
-0.4	2.8	561.23	1.378	10.91
-0.2	2.8	561.02	1.379	10.95
0	2.8	561.02	1.378	10.71
0.2	2.8	561.46	1.378	11.33
0.4	2.8	561.54	1.378	11.32
0.6	2.8	561.61	1.377	11.30
0.8	2.8	561.94	1.378	11.43
1	2.8	561.81	1.377	11.49
1.2	2.8	561.66	1.378	11.84
1.4	2.8	562.14	1.377	11.29
1.6	2.8	561.38	1.378	11.74
1.8	2.8	561.62	1.378	11.58
2	2.8	561.31	1.378	11.44
2.4	2.6	559.44	1.381	10.52
2.2	2.6	560.29	1.380	10.85
2	2.6	560.85	1.378	11.28
1.8	2.6	561.25	1.378	11.78
1.6	2.6	561.62	1.378	11.56
1.4	2.6	561.38	1.378	11.65
1.2	2.6	561.00	1.378	11.72
1	2.6	561.07	1.378	11.39
0.8	2.6	560.72	1.379	11.40
0.6	2.6	560.88	1.378	11.18
0.4	2.6	560.64	1.378	11.00
0.2	2.6	560.50	1.379	11.23
0	2.6	560.87	1.378	11.27
-0.2	2.6	561.04	1.379	10.64
-0.4	2.6	560.94	1.378	10.87
-0.6	2.6	560.48	1.379	10.71
-0.8	2.6	560.01	1.379	10.74
-1	2.6	560.08	1.379	10.54
-1.2	2.6	559.88	1.379	10.13
-1.4	2.6	559.81	1.379	10.03
-1.6	2.6	559.31	1.380	9.45
-1.8	2.6	559.07	1.380	9.55
-2	2.6	559.09	1.380	9.11
-2.2	2.6	557.68	1.383	9.63
-2.4	2.6	559.15	1.381	8.43
-2.6	2.4	558.50	1.381	7.80
-2.4	2.4	559.60	1.379	8.79
-2.2	2.4	558.19	1.381	9.55
-2	2.4	559.03	1.380	9.59
-1.8	2.4	559.66	1.380	9.76
-1.6	2.4	559.56	1.380	9.92
-1.4	2.4	559.98	1.379	10.76
-1.2	2.4	560.46	1.378	10.73
-1	2.4	560.04	1.379	10.66
-0.8	2.4	560.13	1.380	10.81
-0.6	2.4	560.10	1.379	11.14
-0.4	2.4	560.04	1.379	11.02
-0.2	2.4	560.36	1.379	11.19
0	2.4	560.48	1.379	11.05
0.2	2.4	560.47	1.379	11.32
0.4	2.4	560.89	1.378	11.21
0.6	2.4	560.83	1.378	11.39
0.8	2.4	559.98	1.380	11.63
1	2.4	560.78	1.378	11.71
1.2	2.4	561.27	1.378	11.25
1.4	2.4	560.84	1.378	11.42
1.6	2.4	561.09	1.378	11.66
1.8	2.4	561.03	1.378	11.74
2	2.4	561.84	1.377	11.80
2.2	2.4	560.56	1.379	11.81
2.4	2.4	560.18	1.380	11.27
2.6	2.4	559.58	1.380	10.89
2.6	2.2	561.71	1.377	12.10
2.4	2.2	562.39	1.376	12.44
2.2	2.2	562.19	1.377	11.99
2	2.2	562.06	1.377	12.01
1.8	2.2	561.87	1.377	11.75
1.6	2.2	561.60	1.378	11.70
1.4	2.2	561.33	1.378	11.80
1.2	2.2	561.37	1.378	11.57
1	2.2	561.24	1.377	11.18
0.8	2.2	560.79	1.379	11.76
0.6	2.2	561.03	1.378	11.34
0.4	2.2	561.22	1.379	11.43
0.2	2.2	561.20	1.378	12.45
0	2.2	560.28	1.379	11.56
-0.2	2.2	560.80	1.378	11.10
-0.4	2.2	560.26	1.379	11.04
-0.6	2.2	560.35	1.378	11.01
-0.8	2.2	560.38	1.379	11.29
-1	2.2	560.43	1.378	10.55
-1.2	2.2	559.78	1.379	10.85
-1.4	2.2	560.12	1.378	10.48
-1.6	2.2	560.41	1.378	10.49
-1.8	2.2	560.04	1.379	9.76
-2	2.2	559.73	1.379	9.50
-2.2	2.2	559.15	1.380	10.38
-2.4	2.2	559.48	1.380	9.13
-2.6	2.2	558.38	1.381	9.20
-2.8	2	558.57	1.380	8.48
-2.6	2	557.97	1.381	9.48
-2.4	2	559.16	1.380	9.37
-2.2	2	560.14	1.379	9.83
-2	2	559.95	1.379	9.86
-1.8	2	560.03	1.378	9.62
-1.6	2	560.13	1.378	10.32
-1.4	2	560.57	1.378	10.58
-1.2	2	560.45	1.378	10.76
-1	2	560.43	1.378	11.12
-0.8	2	559.99	1.379	11.32
-0.6	2	560.66	1.378	10.98
-0.4	2	560.79	1.378	11.45
-0.2	2	560.76	1.378	11.33
0	2	560.92	1.379	11.39
0.2	2	561.30	1.378	11.43
0.4	2	561.66	1.378	11.59
0.6	2	561.53	1.377	11.72
0.8	2	560.62	1.379	11.85
1	2	561.11	1.378	11.74
1.2	2	561.43	1.378	11.81
1.4	2	560.77	1.379	12.01
1.6	2	561.42	1.379	12.15
1.8	2	562.00	1.377	11.90
2	2	562.03	1.378	12.04
2.2	2	561.93	1.378	12.04
2.4	2	561.60	1.377	12.25
2.6	2	562.05	1.377	12.28
2.8	2	561.78	1.377	12.10
3	1.8	562.58	1.377	12.25
2.8	1.8	561.85	1.378	12.85
2.6	1.8	561.99	1.377	12.43
2.4	1.8	564.90	1.377	14.17
2.2	1.8	562.10	1.377	12.13
2	1.8	561.51	1.378	12.24
1.8	1.8	561.50	1.378	11.75
1.6	1.8	561.32	1.378	11.75
1.4	1.8	561.48	1.378	11.74
1.2	1.8	561.26	1.378	11.58
1	1.8	561.34	1.378	11.90
0.8	1.8	560.98	1.379	11.77
0.6	1.8	561.22	1.378	11.51
0.4	1.8	561.31	1.378	11.77
0.2	1.8	561.30	1.378	11.46
0	1.8	560.67	1.379	11.54
-0.2	1.8	559.94	1.379	11.66
-0.4	1.8	559.99	1.379	11.66
-0.6	1.8	560.63	1.378	11.16
-0.8	1.8	561.61	1.378	12.29
-1	1.8	560.11	1.378	10.98
-1.2	1.8	559.83	1.378	10.49
-1.4	1.8	559.84	1.379	10.59
-1.6	1.8	559.60	1.379	10.44
-1.8	1.8	559.83	1.379	10.24
-2	1.8	559.41	1.379	9.84
-2.2	1.8	559.54	1.379	9.48
-2.4	1.8	558.73	1.380	9.51
-2.6	1.8	558.89	1.379	9.05
-2.8	1.8	559.00	1.379	8.17
-3	1.8	558.14	1.381	8.41
-3	1.6	557.73	1.382	8.65
-2.8	1.6	559.71	1.379	9.32
-2.6	1.6	559.34	1.380	9.14
-2.4	1.6	559.14	1.379	9.37
-2.2	1.6	559.52	1.379	9.52
-2	1.6	559.41	1.379	9.87
-1.8	1.6	559.86	1.379	10.16
-1.6	1.6	559.30	1.380	10.36
-1.4	1.6	559.65	1.379	10.58
-1.2	1.6	559.57	1.379	10.85
-1	1.6	559.90	1.378	10.93
-0.8	1.6	560.40	1.379	11.03
-0.6	1.6	560.26	1.379	11.57
-0.4	1.6	560.63	1.379	11.33
-0.2	1.6	560.44	1.379	11.51
0	1.6	560.88	1.378	11.49
0.2	1.6	560.72	1.378	11.52
0.4	1.6	561.25	1.378	11.47
0.6	1.6	561.69	1.377	11.61
0.8	1.6	561.20	1.379	11.81
1	1.6	561.05	1.378	11.31
1.2	1.6	561.40	1.378	11.69
1.4	1.6	561.09	1.379	11.77
1.6	1.6	561.57	1.378	11.64
1.8	1.6	561.22	1.378	11.93
2	1.6	561.77	1.377	12.12
2.2	1.6	561.74	1.378	12.05
2.4	1.6	562.82	1.377	11.64
2.6	1.6	562.12	1.377	12.20
2.8	1.6	562.01	1.378	12.39
3	1.6	562.07	1.377	12.20
3.2	1.4	562.21	1.378	13.38
3	1.4	562.17	1.377	12.17
2.8	1.4	561.97	1.378	12.27
2.6	1.4	562.17	1.378	14.02
2.4	1.4	562.11	1.377	12.20
2.2	1.4	561.77	1.378	12.24
2	1.4	561.59	1.378	12.09
1.8	1.4	561.21	1.378	12.45
1.6	1.4	561.32	1.378	11.89
1.4	1.4	561.07	1.379	11.98
1.2	1.4	561.63	1.378	11.84
1	1.4	561.58	1.377	11.61
0.8	1.4	561.11	1.379	11.75
0.6	1.4	561.41	1.377	11.42
0.4	1.4	560.68	1.378	11.88
0.2	1.4	560.88	1.378	12.32
0	1.4	560.74	1.378	11.24
-0.2	1.4	560.69	1.378	11.35
-0.4	1.4	561.45	1.378	11.47
-0.6	1.4	560.49	1.379	11.13
-0.8	1.4	560.43	1.378	10.73
-1	1.4	559.75	1.379	10.92
-1.2	1.4	559.89	1.378	10.75
-1.4	1.4	559.76	1.379	10.68
-1.6	1.4	559.49	1.379	10.39
-1.8	1.4	559.78	1.379	10.34
-2	1.4	560.13	1.379	10.61
-2.2	1.4	559.74	1.379	9.81
-2.4	1.4	559.51	1.379	10.24
-2.6	1.4	558.32	1.380	9.62
-2.8	1.4	558.70	1.380	9.15
-3	1.4	560.23	1.380	10.58
-3.2	1.4	557.63	1.382	8.82
-3.2	1.2	558.29	1.380	8.92
-3	1.2	559.21	1.380	9.15
-2.8	1.2	558.73	1.380	9.12
-2.6	1.2	559.17	1.379	9.65
-2.4	1.2	559.42	1.379	9.72
-2.2	1.2	559.57	1.379	9.99
-2	1.2	559.74	1.380	10.61
-1.8	1.2	558.88	1.381	11.74
-1.6	1.2	559.74	1.378	10.65
-1.4	1.2	560.40	1.378	10.71
-1.2	1.2	560.12	1.378	10.75
-1	1.2	560.41	1.378	10.91
-0.8	1.2	560.34	1.378	10.90
-0.6	1.2	560.20	1.379	11.48
-0.4	1.2	560.80	1.378	11.22
-0.2	1.2	561.17	1.377	11.51
0	1.2	560.82	1.378	11.58
0.2	1.2	561.23	1.378	11.54
0.4	1.2	560.52	1.378	12.21
0.6	1.2	561.17	1.377	11.98
0.8	1.2	560.85	1.379	11.83
1	1.2	561.55	1.377	11.75
1.2	1.2	561.40	1.378	11.99
1.4	1.2	561.28	1.378	12.10
1.6	1.2	561.17	1.378	12.11
1.8	1.2	561.43	1.378	12.41
2	1.2	562.31	1.377	12.12
2.2	1.2	561.79	1.378	12.29
2.4	1.2	561.91	1.377	12.19
2.6	1.2	562.07	1.377	12.39
2.8	1.2	562.11	1.377	12.29
3	1.2	562.04	1.377	11.97
3.2	1.2	562.00	1.378	13.02
3.4	1	561.44	1.378	11.47
3.2	1	561.80	1.378	12.12
3	1	561.89	1.378	12.27
2.8	1	562.46	1.377	11.94
2.6	1	562.12	1.377	12.34
2.4	1	562.67	1.377	13.28
2.2	1	562.15	1.377	12.19
2	1	562.23	1.377	12.16
1.8	1	561.45	1.378	12.15
1.6	1	561.27	1.378	12.02
1.4	1	561.17	1.378	12.30
1.2	1	561.15	1.378	12.03
1	1	561.21	1.378	11.88
0.8	1	561.25	1.378	11.87
0.6	1	561.28	1.377	12.05
0.4	1	561.14	1.377	11.72
0.2	1	561.37	1.378	11.56
0	1	560.87	1.378	11.77
-0.2	1	560.90	1.378	11.43
-0.4	1	560.61	1.378	11.50
-0.6	1	560.79	1.378	11.31
-0.8	1	560.61	1.378	11.06
-1	1	561.03	1.377	11.08
-1.2	1	560.61	1.378	10.79
-1.4	1	560.75	1.377	11.12
-1.6	1	559.99	1.378	10.41
-1.8	1	559.90	1.378	10.30
-2	1	559.80	1.378	10.24
-2.2	1	560.03	1.378	9.97
-2.4	1	559.62	1.378	9.71
-2.6	1	559.40	1.378	9.43
-2.8	1	558.57	1.379	9.42
-3	1	558.71	1.380	9.26
-3.2	1	558.09	1.381	8.95
-3.4	1	557.00	1.380	8.35
-3.4	0.8	557.90	1.381	8.44
-3.2	0.8	557.89	1.381	8.63
-3	0.8	558.25	1.380	8.98
-2.8	0.8	559.41	1.379	9.39
-2.6	0.8	559.50	1.378	10.39
-2.4	0.8	559.43	1.378	10.06
-2.2	0.8	560.11	1.378	9.89
-2	0.8	559.87	1.378	10.24
-1.8	0.8	559.46	1.379	10.72
-1.6	0.8	559.77	1.378	10.73
-1.4	0.8	559.92	1.378	10.70
-1.2	0.8	559.88	1.379	11.11
-1	0.8	561.04	1.378	11.67
-0.8	0.8	560.19	1.378	11.10
-0.6	0.8	560.76	1.378	11.32
-0.4	0.8	560.92	1.377	11.49
-0.2	0.8	560.28	1.378	11.53
0	0.8	560.89	1.378	11.86
0.2	0.8	560.92	1.378	11.66
0.4	0.8	561.59	1.377	11.96
0.6	0.8	561.02	1.378	11.91
0.8	0.8	560.82	1.378	12.18
1	0.8	560.96	1.378	12.09
1.2	0.8	561.21	1.378	11.72
1.4	0.8	560.94	1.379	12.06
1.6	0.8	561.05	1.378	12.28
1.8	0.8	561.55	1.378	12.13
2	0.8	561.60	1.378	12.02
2.2	0.8	562.06	1.377	11.91
2.4	0.8	561.87	1.378	12.34
2.6	0.8	563.30	1.377	12.47
2.8	0.8	562.06	1.377	12.13
3	0.8	562.28	1.378	12.53
3.2	0.8	562.54	1.377	12.52
3.4	0.8	561.35	1.378	12.35
3.4	0.6	562.34	1.377	12.51
3.2	0.6	562.34	1.377	12.07
3	0.6	562.34	1.377	12.30
2.8	0.6	561.96	1.378	12.33
2.6	0.6	561.76	1.378	12.30
2.4	0.6	561.63	1.379	12.46
2.2	0.6	562.00	1.377	12.32
2	0.6	561.37	1.378	12.43
1.8	0.6	561.46	1.378	11.90
1.6	0.6	561.15	1.378	12.01
1.4	0.6	561.73	1.377	11.90
1.2	0.6	561.18	1.378	12.47
1	0.6	561.39	1.378	12.18
0.8	0.6	561.16	1.378	12.13
0.6	0.6	560.90	1.378	12.01
0.4	0.6	561.03	1.378	11.96
0.2	0.6	561.16	1.378	11.47
0	0.6	560.63	1.378	11.68
-0.2	0.6	560.14	1.379	11.61
-0.4	0.6	560.76	1.378	11.43
-0.6	0.6	561.18	1.378	12.04
-0.8	0.6	560.47	1.378	11.14
-1	0.6	560.23	1.378	11.19
-1.2	0.6	559.59	1.379	11.32
-1.4	0.6	559.77	1.379	10.57
-1.6	0.6	559.10	1.379	10.88
-1.8	0.6	559.25	1.379	10.22
-2	0.6	559.01	1.379	9.99
-2.2	0.6	558.72	1.380	10.20
-2.4	0.6	559.39	1.378	9.90
-2.6	0.6	559.17	1.379	9.68
-2.8	0.6	559.39	1.379	10.18
-3	0.6	558.31	1.380	9.23
-3.2	0.6	558.40	1.379	8.80
-3.4	0.6	559.09	1.380	8.78
-3.4	0.4	558.40	1.380	9.37
-3.2	0.4	558.11	1.380	8.98
-3	0.4	558.95	1.380	10.05
-2.8	0.4	558.06	1.380	9.52
-2.6	0.4	558.42	1.380	9.58
-2.4	0.4	558.23	1.380	9.66
-2.2	0.4	558.71	1.380	9.88
-2	0.4	558.65	1.380	10.07
-1.8	0.4	559.00	1.379	10.26
-1.6	0.4	559.87	1.378	10.69
-1.4	0.4	559.76	1.378	10.72
-1.2	0.4	559.60	1.379	11.04
-1	0.4	559.74	1.378	11.46
-0.8	0.4	560.22	1.378	11.27
-0.6	0.4	561.09	1.377	11.41
-0.4	0.4	560.67	1.378	11.81
-0.2	0.4	560.44	1.379	12.02
0	0.4	560.35	1.378	12.02
0.2	0.4	560.92	1.378	11.88
0.4	0.4	561.22	1.377	12.02
0.6	0.4	561.40	1.377	12.16
0.8	0.4	560.88	1.378	13.21
1	0.4	561.21	1.378	12.29
1.2	0.4	561.54	1.377	12.27
1.4	0.4	561.97	1.377	12.15
1.6	0.4	561.59	1.377	12.26
1.8	0.4	561.80	1.377	12.24
2	0.4	561.75	1.377	12.42
2.2	0.4	561.90	1.378	12.29
2.4	0.4	562.24	1.377	12.01
2.6	0.4	562.09	1.377	12.47
2.8	0.4	562.50	1.378	12.25
3	0.4	562.43	1.377	12.32
3.2	0.4	563.85	1.377	14.10
3.4	0.4	562.24	1.378	12.56
3.4	0.2	562.36	1.377	12.19
3.2	0.2	562.56	1.378	12.33
3	0.2	562.29	1.378	12.12
2.8	0.2	562.78	1.377	13.25
2.6	0.2	561.86	1.378	12.42
2.4	0.2	562.47	1.377	12.70
2.2	0.2	562.73	1.377	12.90
2	0.2	561.98	1.378	12.55
1.8	0.2	561.57	1.378	12.36
1.6	0.2	562.06	1.377	12.54
1.4	0.2	561.68	1.377	12.32
1.2	0.2	561.81	1.377	12.54
1	0.2	561.03	1.378	12.56
0.8	0.2	561.01	1.378	12.41
0.6	0.2	560.74	1.378	12.24
0.4	0.2	561.17	1.377	12.04
0.2	0.2	560.90	1.378	12.34
0	0.2	560.92	1.378	11.83
-0.2	0.2	560.78	1.378	11.86
-0.4	0.2	560.59	1.378	11.93
-0.6	0.2	560.65	1.377	11.41
-0.8	0.2	560.61	1.377	11.57
-1	0.2	560.25	1.378	11.55
-1.2	0.2	560.44	1.378	11.12
-1.4	0.2	560.00	1.378	10.93
-1.6	0.2	559.78	1.378	10.94
-1.8	0.2	559.37	1.378	11.06
-2	0.2	559.35	1.378	10.39
-2.2	0.2	559.50	1.378	10.10
-2.4	0.2	559.05	1.379	10.10
-2.6	0.2	559.31	1.378	9.89
-2.8	0.2	558.87	1.379	9.60
-3	0.2	558.47	1.379	9.33
-3.2	0.2	558.18	1.380	9.37
-3.4	0.2	556.96	1.381	9.09
-3.4	0	557.90	1.381	8.74
-3.2	0	558.02	1.379	9.13
-3	0	558.10	1.379	9.72
-2.8	0	559.22	1.380	9.37
-2.6	0	558.97	1.378	10.06
-2.4	0	559.64	1.378	10.25
-2.2	0	559.69	1.378	10.37
-2	0	559.63	1.378	10.94
-1.8	0	559.77	1.378	11.01
-1.6	0	560.14	1.378	10.93
-1.4	0	560.10	1.378	11.55
-1.2	0	560.54	1.377	11.30
-1	0	560.18	1.378	11.63
-0.8	0	560.48	1.377	11.80
-0.6	0	560.83	1.377	11.65
-0.4	0	560.66	1.378	11.44
-0.2	0	560.86	1.378	11.77
0	0	560.66	1.378	12.10
0.2	0	561.20	1.378	12.26
0.4	0	561.01	1.377	12.10
0.6	0	561.39	1.377	12.04
0.8	0	560.98	1.378	12.32
1	0	560.66	1.378	12.60
1.2	0	561.29	1.377	12.54
1.4	0	561.54	1.377	12.38
1.6	0	561.28	1.377	12.60
1.8	0	561.41	1.378	12.39
2	0	562.35	1.378	12.96
2.2	0	562.06	1.377	12.50
2.4	0	562.77	1.377	13.48
2.6	0	562.53	1.377	13.03
2.8	0	562.44	1.377	12.94
3	0	560.68	1.381	13.84
3.2	0	562.68	1.377	12.70
3.4	0	562.49	1.378	12.70
3.4	-0.2	562.64	1.378	12.72
3.2	-0.2	562.59	1.377	12.48
3	-0.2	562.16	1.378	12.57
2.8	-0.2	561.77	1.378	12.56
2.6	-0.2	561.86	1.378	12.63
2.4	-0.2	562.59	1.377	12.90
2.2	-0.2	562.34	1.377	12.52
2	-0.2	561.68	1.378	12.47
1.8	-0.2	561.49	1.379	13.79
1.6	-0.2	561.32	1.378	12.40
1.4	-0.2	561.21	1.377	12.53
1.2	-0.2	561.07	1.378	12.51
1	-0.2	560.64	1.378	12.45
0.8	-0.2	561.29	1.379	12.50
0.6	-0.2	560.88	1.378	12.09
0.4	-0.2	560.34	1.378	12.01
0.2	-0.2	560.61	1.383	12.07
0	-0.2	560.45	1.378	12.27
-0.2	-0.2	560.45	1.378	11.41
-0.4	-0.2	560.26	1.378	11.63
-0.6	-0.2	560.27	1.378	11.38
-0.8	-0.2	553.80	1.386	12.79
-1	-0.2	559.29	1.379	11.24
-1.2	-0.2	559.67	1.378	11.32
-1.4	-0.2	559.67	1.378	10.80
-1.6	-0.2	559.37	1.378	11.33
-1.8	-0.2	558.70	1.379	10.69
-2	-0.2	558.71	1.379	10.72
-2.2	-0.2	559.06	1.378	10.25
-2.4	-0.2	558.14	1.379	9.98
-2.6	-0.2	558.89	1.379	10.71
-2.8	-0.2	558.47	1.379	9.74
-3	-0.2	558.33	1.379	9.84
-3.2	-0.2	557.55	1.380	9.46
-3.4	-0.2	557.07	1.380	8.82
-3.4	-0.4	558.16	1.380	10.46
-3.2	-0.4	558.63	1.379	10.53
-3	-0.4	557.83	1.380	9.44
-2.8	-0.4	558.03	1.380	10.29
-2.6	-0.4	557.52	1.380	9.85
-2.4	-0.4	558.13	1.379	10.10
-2.2	-0.4	557.88	1.380	10.45
-2	-0.4	558.66	1.379	10.56
-1.8	-0.4	558.22	1.380	10.36
-1.6	-0.4	558.97	1.379	10.76
-1.4	-0.4	559.02	1.379	10.84
-1.2	-0.4	559.33	1.379	11.11
-1	-0.4	559.66	1.378	11.39
-0.8	-0.4	559.70	1.378	11.28
-0.6	-0.4	560.66	1.378	11.68
-0.4	-0.4	560.61	1.378	11.85
-0.2	-0.4	560.78	1.377	11.86
0	-0.4	560.84	1.378	11.97
0.2	-0.4	559.79	1.379	11.93
0.4	-0.4	560.37	1.378	11.98
0.6	-0.4	560.34	1.378	12.10
0.8	-0.4	560.73	1.378	12.18
1	-0.4	560.49	1.378	12.55
1.2	-0.4	561.33	1.378	12.77
1.4	-0.4	561.64	1.377	12.49
1.6	-0.4	561.52	1.378	12.86
1.8	-0.4	561.57	1.378	12.53
2	-0.4	561.52	1.378	12.57
2.2	-0.4	561.87	1.377	12.42
2.4	-0.4	562.12	1.378	12.65
2.6	-0.4	561.88	1.378	12.65
2.8	-0.4	562.32	1.378	13.68
3	-0.4	562.10	1.378	12.58
3.2	-0.4	561.73	1.378	12.45
3.4	-0.4	562.33	1.378	12.38
3.4	-0.6	562.91	1.379	14.69
3.2	-0.6	562.30	1.378	13.13
3	-0.6	562.48	1.378	12.90
2.8	-0.6	561.80	1.378	12.63
2.6	-0.6	561.98	1.378	12.83
2.4	-0.6	561.72	1.378	12.76
2.2	-0.6	562.08	1.377	12.67
2	-0.6	562.01	1.377	12.53
1.8	-0.6	561.72	1.377	12.62
1.6	-0.6	561.71	1.377	12.57
1.4	-0.6	560.80	1.378	12.88
1.2	-0.6	560.53	1.378	12.41
1	-0.6	560.60	1.378	12.38
0.8	-0.6	560.76	1.379	12.34
0.6	-0.6	560.57	1.378	12.21
0.4	-0.6	560.46	1.378	12.14
0.2	-0.6	560.15	1.378	12.17
0	-0.6	560.40	1.378	12.29
-0.2	-0.6	560.74	1.378	11.73
-0.4	-0.6	560.75	1.377	11.70
-0.6	-0.6	560.19	1.378	11.77
-0.8	-0.6	560.04	1.378	11.45
-1	-0.6	559.53	1.378	11.30
-1.2	-0.6	559.30	1.379	11.17
-1.4	-0.6	558.85	1.379	10.91
-1.6	-0.6	559.06	1.379	10.79
-1.8	-0.6	558.88	1.379	11.00
-2	-0.6	558.57	1.379	9.94
-2.2	-0.6	558.33	1.379	10.26
-2.4	-0.6	558.68	1.379	10.31
-2.6	-0.6	558.90	1.378	10.05
-2.8	-0.6	558.44	1.379	10.17
-3	-0.6	557.71	1.380	9.81
-3.2	-0.6	559.44	1.382	10.97
-3.4	-0.6	556.97	1.381	9.40
-3.4	-0.8	556.81	1.381	9.13
-3.2	-0.8	557.32	1.380	9.64
-3	-0.8	557.96	1.380	9.78
-2.8	-0.8	557.80	1.380	9.67
-2.6	-0.8	559.30	1.378	10.65
-2.4	-0.8	557.96	1.379	10.21
-2.2	-0.8	558.74	1.378	10.23
-2	-0.8	558.73	1.379	10.47
-1.8	-0.8	559.20	1.378	10.97
-1.6	-0.8	559.15	1.378	10.81
-1.4	-0.8	559.06	1.379	11.08
-1.2	-0.8	559.26	1.379	11.62
-1	-0.8	559.74	1.378	11.38
-0.8	-0.8	560.74	1.377	11.06
-0.6	-0.8	560.68	1.377	11.99
-0.4	-0.8	561.13	1.377	11.66
-0.2	-0.8	561.19	1.377	11.77
0	-0.8	561.32	1.377	11.95
0.2	-0.8	560.88	1.378	11.72
0.4	-0.8	560.41	1.378	12.07
0.6	-0.8	561.04	1.378	13.15
0.8	-0.8	560.54	1.378	12.34
1	-0.8	560.87	1.378	12.29
1.2	-0.8	560.52	1.378	12.56
1.4	-0.8	561.48	1.378	12.63
1.6	-0.8	561.22	1.378	12.97
1.8	-0.8	561.66	1.377	12.99
2	-0.8	561.79	1.377	12.97
2.2	-0.8	562.10	1.377	13.14
2.4	-0.8	562.48	1.377	13.88
2.6	-0.8	562.94	1.377	14.09
2.8	-0.8	562.11	1.378	12.62
3	-0.8	562.47	1.377	12.76
3.2	-0.8	562.24	1.378	12.42
3.4	-0.8	561.85	1.379	12.38
3.4	-1	561.20	1.379	12.97
3.2	-1	562.13	1.379	12.47
3	-1	562.49	1.378	12.79
2.8	-1	562.65	1.377	12.60
2.6	-1	562.17	1.378	12.79
2.4	-1	561.96	1.377	13.05
2.2	-1	562.35	1.376	12.94
2	-1	561.65	1.377	13.06
1.8	-1	561.77	1.377	12.85
1.6	-1	562.66	1.380	15.99
1.4	-1	561.00	1.378	12.76
1.2	-1	560.67	1.378	12.80
1	-1	560.73	1.378	12.50
0.8	-1	561.17	1.377	12.39
0.6	-1	561.08	1.378	11.89
0.4	-1	560.61	1.378	12.22
0.2	-1	560.99	1.378	12.12
0	-1	561.47	1.377	12.46
-0.2	-1	561.63	1.377	11.73
-0.4	-1	560.81	1.377	11.94
-0.6	-1	560.76	1.377	11.54
-0.8	-1	560.97	1.377	11.63
-1	-1	560.23	1.377	11.52
-1.2	-1	560.25	1.378	12.49
-1.4	-1	559.39	1.378	11.07
-1.6	-1	559.46	1.378	11.24
-1.8	-1	559.31	1.378	11.94
-2	-1	559.09	1.379	10.46
-2.2	-1	559.04	1.381	12.82
-2.4	-1	558.77	1.379	10.14
-2.6	-1	558.65	1.379	10.20
-2.8	-1	558.48	1.379	10.08
-3	-1	557.53	1.380	9.94
-3.2	-1	556.96	1.380	9.34
-3.4	-1	556.19	1.381	9.30
-3.2	-1.2	556.90	1.380	10.04
-3	-1.2	557.08	1.380	10.08
-2.8	-1.2	557.99	1.379	10.06
-2.6	-1.2	558.37	1.379	10.01
-2.4	-1.2	558.70	1.379	10.40
-2.2	-1.2	558.57	1.378	10.72
-2	-1.2	559.56	1.379	11.10
-1.8	-1.2	559.64	1.378	11.43
-1.6	-1.2	559.67	1.377	11.58
-1.4	-1.2	559.68	1.378	11.89
-1.2	-1.2	560.13	1.377	11.68
-1	-1.2	560.54	1.377	11.57
-0.8	-1.2	561.36	1.376	12.02
-0.6	-1.2	561.17	1.377	12.92
-0.4	-1.2	561.04	1.377	12.02
-0.2	-1.2	561.52	1.377	12.24
0	-1.2	561.20	1.377	13.01
0.2	-1.2	560.76	1.378	12.46
0.4	-1.2	560.56	1.378	12.54
0.6	-1.2	560.44	1.378	12.55
0.8	-1.2	560.86	1.378	12.44
1	-1.2	560.91	1.378	12.47
1.2	-1.2	560.51	1.378	12.58
1.4	-1.2	560.97	1.377	12.79
1.6	-1.2	561.10	1.378	12.85
1.8	-1.2	561.95	1.377	12.93
2	-1.2	562.21	1.377	15.10
2.2	-1.2	561.92	1.377	12.71
2.4	-1.2	562.07	1.378	12.99
2.6	-1.2	562.12	1.377	12.74
2.8	-1.2	562.42	1.378	12.70
3	-1.2	562.50	1.378	12.65
3.2	-1.2	562.82	1.378	13.67
3.2	-1.4	561.95	1.379	12.68
3	-1.4	563.24	1.377	13.70
2.8	-1.4	562.09	1.378	12.79
2.6	-1.4	561.90	1.378	13.20
2.4	-1.4	562.02	1.378	12.72
2.2	-1.4	561.97	1.377	13.12
2	-1.4	561.65	1.377	12.82
1.8	-1.4	561.33	1.378	12.74
1.6	-1.4	561.17	1.378	12.52
1.4	-1.4	561.20	1.378	12.68
1.2	-1.4	560.65	1.378	12.45
1	-1.4	561.12	1.378	12.37
0.8	-1.4	560.56	1.379	12.45
0.6	-1.4	560.66	1.378	12.20
0.4	-1.4	561.05	1.378	12.17
0.2	-1.4	560.88	1.378	12.19
0	-1.4	560.72	1.378	12.13
-0.2	-1.4	561.15	1.378	12.37
-0.4	-1.4	560.73	1.378	12.80
-0.6	-1.4	561.28	1.377	11.84
-0.8	-1.4	560.18	1.378	12.07
-1	-1.4	560.69	1.377	11.48
-1.2	-1.4	560.22	1.377	11.74
-1.4	-1.4	559.64	1.378	11.56
-1.6	-1.4	559.65	1.378	10.98
-1.8	-1.4	559.55	1.379	10.73
-2	-1.4	559.16	1.379	10.54
-2.2	-1.4	559.08	1.379	10.51
-2.4	-1.4	558.64	1.379	10.16
-2.6	-1.4	558.32	1.379	10.22
-2.8	-1.4	557.58	1.379	9.98
-3	-1.4	557.06	1.380	9.85
-3.2	-1.4	556.50	1.381	9.78
-3	-1.6	557.18	1.380	9.78
-2.8	-1.6	557.65	1.380	9.86
-2.6	-1.6	557.92	1.379	10.37
-2.4	-1.6	558.40	1.379	10.73
-2.2	-1.6	558.22	1.379	10.74
-2	-1.6	558.52	1.379	10.67
-1.8	-1.6	558.87	1.379	10.98
-1.6	-1.6	559.07	1.379	11.21
-1.4	-1.6	559.36	1.379	11.36
-1.2	-1.6	559.25	1.378	11.94
-1	-1.6	559.93	1.378	11.90
-0.8	-1.6	560.13	1.378	12.06
-0.6	-1.6	560.90	1.377	11.62
-0.4	-1.6	560.99	1.377	12.52
-0.2	-1.6	560.63	1.378	11.95
0	-1.6	560.84	1.379	11.85
0.2	-1.6	561.64	1.379	11.96
0.4	-1.6	561.17	1.378	13.49
0.6	-1.6	560.41	1.378	12.32
0.8	-1.6	560.60	1.378	12.42
1	-1.6	560.73	1.378	12.43
1.2	-1.6	560.86	1.378	12.41
1.4	-1.6	560.66	1.378	12.63
1.6	-1.6	560.97	1.378	13.13
1.8	-1.6	561.33	1.378	12.76
2	-1.6	561.72	1.377	12.52
2.2	-1.6	562.18	1.377	12.89
2.4	-1.6	562.12	1.378	13.16
2.6	-1.6	562.04	1.378	12.86
2.8	-1.6	561.98	1.378	12.89
3	-1.6	562.15	1.378	12.46
3	-1.8	562.15	1.377	12.64
2.8	-1.8	562.09	1.378	12.66
2.6	-1.8	562.21	1.378	12.85
2.4	-1.8	561.62	1.378	12.63
2.2	-1.8	561.28	1.378	12.92
2	-1.8	561.18	1.377	12.64
1.8	-1.8	561.15	1.378	12.49
1.6	-1.8	560.64	1.379	12.75
1.4	-1.8	560.95	1.378	12.29
1.2	-1.8	560.31	1.379	12.88
1	-1.8	560.49	1.378	12.29
0.8	-1.8	560.81	1.378	12.44
0.6	-1.8	560.65	1.378	12.25
0.4	-1.8	560.80	1.378	12.05
0.2	-1.8	560.67	1.378	12.11
0	-1.8	560.70	1.378	11.91
-0.2	-1.8	560.34	1.379	12.27
-0.4	-1.8	560.43	1.378	11.83
-0.6	-1.8	560.06	1.378	11.99
-0.8	-1.8	559.48	1.378	12.09
-1	-1.8	559.48	1.378	11.77
-1.2	-1.8	559.68	1.378	11.40
-1.4	-1.8	559.93	1.378	11.11
-1.6	-1.8	558.92	1.379	11.15
-1.8	-1.8	558.91	1.380	10.39
-2	-1.8	558.55	1.381	10.81
-2.2	-1.8	558.40	1.379	10.17
-2.4	-1.8	558.04	1.380	10.54
-2.6	-1.8	557.51	1.380	10.05
-2.8	-1.8	557.67	1.379	10.30
-3	-1.8	556.50	1.381	9.52
-2.8	-2	557.57	1.379	11.04
-2.6	-2	556.51	1.381	9.99
-2.4	-2	556.98	1.380	10.14
-2.2	-2	557.33	1.380	10.52
-2	-2	558.05	1.379	10.97
-1.8	-2	558.37	1.379	11.23
-1.6	-2	559.16	1.379	10.88
-1.4	-2	558.92	1.379	11.39
-1.2	-2	559.36	1.379	11.24
-1	-2	559.32	1.379	11.82
-0.8	-2	559.74	1.378	11.77
-0.6	-2	559.91	1.378	12.26
-0.4	-2	560.20	1.378	11.82
-0.2	-2	560.11	1.379	12.26
0	-2	560.23	1.378	11.97
0.2	-2	560.17	1.379	11.99
0.4	-2	560.20	1.378	12.23
0.6	-2	560.47	1.379	12.10
0.8	-2	560.82	1.378	12.16
1	-2	560.91	1.378	12.64
1.2	-2	560.37	1.379	12.38
1.4	-2	560.55	1.378	12.64
1.6	-2	560.66	1.379	12.67
1.8	-2	561.72	1.378	13.68
2	-2	560.48	1.378	12.80
2.2	-2	561.79	1.378	12.57
2.4	-2	561.38	1.379	12.55
2.6	-2	561.63	1.378	12.08
2.8	-2	561.52	1.378	12.02
2.6	-2.2	561.24	1.379	12.26
2.4	-2.2	561.45	1.378	12.15
2.2	-2.2	561.18	1.378	12.69
2	-2.2	560.59	1.378	12.47
1.8	-2.2	560.70	1.378	12.09
1.6	-2.2	560.86	1.378	12.15
1.4	-2.2	563.48	1.378	15.41
1.2	-2.2	560.06	1.379	12.56
1	-2.2	559.95	1.379	12.67
0.8	-2.2	560.47	1.378	12.13
0.6	-2.2	560.30	1.379	12.20
0.4	-2.2	560.31	1.378	12.19
0.2	-2.2	559.94	1.379	12.62
0	-2.2	559.75	1.379	12.09
-0.2	-2.2	560.09	1.379	12.07
-0.4	-2.2	559.81	1.379	11.79
-0.6	-2.2	559.73	1.379	12.10
-0.8	-2.2	559.47	1.379	11.62
-1	-2.2	559.65	1.379	11.89
-1.2	-2.2	559.37	1.380	10.83
-1.4	-2.2	559.28	1.380	10.32
-1.6	-2.2	558.75	1.380	10.63
-1.8	-2.2	557.99	1.380	10.86
-2	-2.2	558.04	1.380	10.64
-2.2	-2.2	557.73	1.380	10.23
-2.4	-2.2	557.53	1.380	10.37
-2.6	-2.2	556.74	1.381	10.22
-2.6	-2.4	556.14	1.381	9.98
-2.4	-2.4	556.97	1.380	9.96
-2.2	-2.4	557.83	1.379	10.22
-2	-2.4	557.76	1.380	10.33
-1.8	-2.4	558.36	1.380	10.38
-1.6	-2.4	558.60	1.379	10.66
-1.4	-2.4	558.90	1.379	10.81
-1.2	-2.4	558.83	1.381	11.44
-1	-2.4	559.54	1.380	11.66
-0.8	-2.4	560.01	1.380	11.05
-0.6	-2.4	559.70	1.379	11.24
-0.4	-2.4	558.77	1.383	14.47
-0.2	-2.4	560.02	1.379	11.98
0	-2.4	559.72	1.379	11.84
0.2	-2.4	560.09	1.379	11.82
0.4	-2.4	560.19	1.379	11.86
0.6	-2.4	560.22	1.379	12.20
0.8	-2.4	560.44	1.379	11.96
1	-2.4	560.47	1.379	12.05
1.2	-2.4	560.61	1.379	12.30
1.4	-2.4	560.69	1.378	12.28
1.6	-2.4	560.87	1.378	12.41
1.8	-2.4	562.78	1.381	13.85
2	-2.4	560.78	1.378	12.33
2.2	-2.4	561.43	1.378	12.08
2.4	-2.4	561.37	1.379	13.56
2.6	-2.4	560.94	1.379	12.34
2.4	-2.6	560.18	1.379	12.19
2.2	-2.6	561.94	1.378	13.72
2	-2.6	561.73	1.377	13.16
1.8	-2.6	561.08	1.378	12.30
1.6	-2.6	561.69	1.378	13.35
1.4	-2.6	560.82	1.378	12.50
1.2	-2.6	560.60	1.379	12.45
1	-2.6	560.86	1.378	12.23
0.8	-2.6	560.45	1.378	12.31
0.6	-2.6	560.55	1.379	12.35
0.4	-2.6	560.39	1.379	12.24
0.2	-2.6	560.44	1.379	11.59
0	-2.6	560.32	1.378	11.98
-0.2	-2.6	560.04	1.379	11.99
-0.4	-2.6	559.98	1.379	11.75
-0.6	-2.6	560.31	1.380	11.92
-0.8	-2.6	560.40	1.378	11.50
-1	-2.6	558.92	1.379	11.64
-1.2	-2.6	558.74	1.380	11.12
-1.4	-2.6	558.24	1.380	10.87
-1.6	-2.6	558.20	1.380	10.77
-1.8	-2.6	558.43	1.380	10.83
-2	-2.6	557.56	1.380	10.34
-2.2	-2.6	557.38	1.380	10.34
-2.4	-2.6	555.35	1.382	9.89
-2	-2.8	557.95	1.380	10.40
-1.8	-2.8	558.32	1.380	10.73
-1.6	-2.8	558.29	1.380	10.84
-1.4	-2.8	559.27	1.380	11.89
-1.2	-2.8	559.17	1.380	11.57
-1	-2.8	559.59	1.379	11.55
-0.8	-2.8	559.33	1.379	11.72
-0.6	-2.8	560.14	1.379	11.59
-0.4	-2.8	560.30	1.380	12.12
-0.2	-2.8	560.50	1.380	12.23
0	-2.8	560.72	1.379	12.02
0.2	-2.8	561.12	1.378	12.06
0.4	-2.8	560.70	1.378	12.21
0.6	-2.8	560.62	1.379	12.87
0.8	-2.8	561.26	1.378	12.35
1	-2.8	560.69	1.378	12.52
1.2	-2.8	560.96	1.378	12.49
1.4	-2.8	561.10	1.378	12.60
1.6	-2.8	561.73	1.377	12.60
1.8	-2.8	561.89	1.377	12.76
2	-2.8	561.64	1.378	12.59
1.8	-3	560.85	1.379	12.06
1.6	-3	561.26	1.378	12.26
1.4	-3	561.20	1.379	12.26
1.2	-3	560.79	1.379	12.57
1	-3	561.90	1.378	12.76
0.8	-3	560.40	1.379	12.78
0.6	-3	560.72	1.379	12.55
0.4	-3	561.10	1.379	12.50
0.2	-3	560.82	1.379	12.24
0	-3	560.81	1.379	12.07
-0.2	-3	560.16	1.380	12.26
-0.4	-3	560.09	1.380	12.14
-0.6	-3	560.11	1.379	11.95
-0.8	-3	559.77	1.379	11.58
-1	-3	559.34	1.379	11.39
-1.2	-3	558.82	1.380	11.12
-1.4	-3	558.43	1.380	10.64
-1.6	-3	558.23	1.381	11.25
-1.8	-3	558.35	1.381	11.96
-1.4	-3.2	558.84	1.380	11.98
-1.2	-3.2	558.50	1.380	10.60
-1	-3.2	558.87	1.379	11.37
-0.8	-3.2	559.20	1.380	11.51
-0.6	-3.2	560.02	1.379	11.60
-0.4	-3.2	560.24	1.379	11.66
-0.2	-3.2	559.84	1.380	11.95
0	-3.2	560.21	1.380	12.06
0.2	-3.2	560.56	1.380	11.78
0.4	-3.2	559.66	1.381	12.25
0.6	-3.2	559.52	1.381	11.69
0.8	-3.2	560.10	1.381	12.01
1	-3.2	559.97	1.380	11.55
1.2	-3.2	560.27	1.381	12.66
1.4	-3.2	559.70	1.381	11.78
1	-3.4	558.59	1.382	11.42
0.8	-3.4	559.51	1.382	11.99
0.6	-3.4	560.25	1.381	12.15
0.4	-3.4	560.09	1.382	12.71
0.2	-3.4	561.21	1.380	13.29
0	-3.4	559.31	1.381	11.51
-0.2	-3.4	559.35	1.381	11.34
-0.4	-3.4	558.88	1.381	11.16
-0.6	-3.4	558.81	1.382	13.03
-0.8	-3.4	559.85	1.379	12.25
-1	-3.4	558.08	1.380	10.90
