Blue Ridge Optics, November 2025				
Serial 001: LiF on 3-inch Silicon Wafer. With visibly hazy areas				
Used RC2XF Small Spot Ellipsometer with focused beam				
LiF Film Thickness in nm vs. Position				
X(cm)	Y(cm)	LiF_Thickness,nm	LiF_n@632.8nm	Roughness,nm
1	3.4	557.72	1.384	9.68
0.8	3.4	558.19	1.382	9.23
0.6	3.4	558.53	1.381	9.42
0.4	3.4	558.24	1.381	9.06
0.2	3.4	559.65	1.380	9.22
0	3.4	560.15	1.379	10.09
-0.2	3.4	561.30	1.377	10.61
-0.4	3.4	561.19	1.378	10.56
-0.6	3.4	562.03	1.377	10.74
-0.8	3.4	560.19	1.380	10.17
-1	3.4	560.96	1.379	10.23
-1.4	3.2	561.21	1.378	11.28
-1.2	3.2	560.55	1.378	10.55
-1	3.2	561.28	1.377	11.32
-0.8	3.2	560.32	1.378	11.34
-0.6	3.2	561.31	1.377	11.53
-0.4	3.2	561.35	1.377	11.39
-0.2	3.2	561.25	1.376	11.27
0	3.2	560.85	1.377	11.13
0.2	3.2	560.17	1.377	10.66
0.4	3.2	559.34	1.379	10.24
0.6	3.2	557.90	1.381	9.32
0.8	3.2	557.21	1.381	9.07
1	3.2	557.27	1.381	9.11
1.2	3.2	558.37	1.381	10.29
1.4	3.2	557.10	1.382	10.01
1.8	3	559.84	1.378	11.10
1.6	3	560.15	1.377	11.02
1.4	3	560.40	1.376	10.65
1.2	3	560.76	1.376	12.56
1	3	560.14	1.377	10.95
0.8	3	560.03	1.377	11.67
0.6	3	560.51	1.377	11.28
0.4	3	560.54	1.377	11.58
0.2	3	560.68	1.377	11.93
0	3	560.81	1.377	11.82
-0.2	3	561.14	1.376	12.05
-0.4	3	561.10	1.376	11.85
-0.6	3	561.55	1.376	11.94
-0.8	3	560.98	1.377	11.78
-1	3	561.24	1.377	11.83
-1.2	3	561.19	1.377	11.77
-1.4	3	561.77	1.377	11.87
-1.6	3	561.75	1.377	11.65
-1.8	3	562.74	1.376	11.72
-2	2.8	562.10	1.376	11.51
-1.8	2.8	561.79	1.376	11.63
-1.6	2.8	561.70	1.377	12.05
-1.4	2.8	561.90	1.376	11.91
-1.2	2.8	561.68	1.376	12.30
-1	2.8	561.57	1.376	12.44
-0.8	2.8	561.50	1.376	12.00
-0.6	2.8	561.36	1.376	12.14
-0.4	2.8	561.45	1.377	12.68
-0.2	2.8	563.55	1.375	13.43
0	2.8	561.30	1.376	12.40
0.2	2.8	561.07	1.376	11.90
0.4	2.8	561.39	1.376	13.49
0.6	2.8	561.27	1.376	11.82
0.8	2.8	560.77	1.376	11.87
1	2.8	560.51	1.376	11.38
1.2	2.8	560.14	1.377	12.34
1.4	2.8	560.42	1.376	11.12
1.6	2.8	560.02	1.376	10.99
1.8	2.8	560.19	1.376	10.61
2	2.8	559.50	1.378	11.70
2.4	2.6	559.12	1.380	13.46
2.2	2.6	559.83	1.376	10.64
2	2.6	559.74	1.376	10.87
1.8	2.6	559.93	1.376	11.13
1.6	2.6	560.11	1.376	11.10
1.4	2.6	559.67	1.376	11.38
1.2	2.6	560.15	1.376	11.19
1	2.6	560.58	1.376	11.54
0.8	2.6	560.43	1.377	11.65
0.6	2.6	560.44	1.377	11.94
0.4	2.6	561.14	1.376	11.94
0.2	2.6	560.98	1.376	12.37
0	2.6	561.21	1.376	11.89
-0.2	2.6	561.50	1.376	12.15
-0.4	2.6	561.54	1.376	12.52
-0.6	2.6	562.00	1.376	12.45
-0.8	2.6	561.77	1.376	12.57
-1	2.6	561.61	1.377	12.78
-1.2	2.6	561.97	1.376	12.83
-1.4	2.6	561.97	1.376	12.41
-1.6	2.6	561.83	1.376	12.27
-1.8	2.6	561.38	1.377	12.25
-2	2.6	560.93	1.378	11.90
-2.2	2.6	562.63	1.376	12.22
-2.4	2.6	563.57	1.376	12.45
-2.6	2.4	566.45	1.373	10.08
-2.4	2.4	563.21	1.376	12.60
-2.2	2.4	562.76	1.376	12.53
-2	2.4	562.13	1.377	13.19
-1.8	2.4	561.74	1.376	12.60
-1.6	2.4	564.60	1.373	13.33
-1.4	2.4	561.67	1.376	12.79
-1.2	2.4	561.98	1.376	12.40
-1	2.4	561.76	1.376	12.55
-0.8	2.4	561.84	1.376	12.39
-0.6	2.4	562.20	1.376	13.00
-0.4	2.4	561.51	1.376	12.41
-0.2	2.4	561.81	1.375	11.99
0	2.4	561.54	1.376	11.88
0.2	2.4	561.70	1.375	12.32
0.4	2.4	560.95	1.376	12.12
0.6	2.4	561.05	1.375	12.02
0.8	2.4	560.72	1.376	11.94
1	2.4	560.35	1.376	11.83
1.2	2.4	561.51	1.375	13.31
1.4	2.4	559.92	1.376	11.74
1.6	2.4	560.72	1.375	12.70
1.8	2.4	560.03	1.376	11.33
2	2.4	560.26	1.375	11.27
2.2	2.4	559.78	1.376	11.28
2.4	2.4	559.52	1.376	10.73
2.6	2.4	559.46	1.379	12.77
2.6	2.2	559.14	1.376	10.22
2.4	2.2	559.96	1.375	10.31
2.2	2.2	559.73	1.376	11.11
2	2.2	561.13	1.376	14.78
1.8	2.2	560.18	1.375	11.30
1.6	2.2	560.74	1.375	11.76
1.4	2.2	560.99	1.376	14.41
1.2	2.2	560.57	1.375	11.75
1	2.2	560.51	1.376	12.00
0.8	2.2	561.17	1.375	12.29
0.6	2.2	561.27	1.375	12.17
0.4	2.2	561.16	1.376	12.03
0.2	2.2	561.02	1.376	12.06
0	2.2	561.40	1.375	11.98
-0.2	2.2	561.51	1.375	12.12
-0.4	2.2	561.92	1.375	12.42
-0.6	2.2	561.56	1.376	12.57
-0.8	2.2	561.69	1.376	12.72
-1	2.2	561.78	1.375	12.74
-1.2	2.2	561.81	1.376	12.82
-1.4	2.2	561.69	1.376	12.87
-1.6	2.2	562.08	1.376	12.71
-1.8	2.2	562.15	1.376	12.85
-2	2.2	562.13	1.376	12.67
-2.2	2.2	562.15	1.376	12.65
-2.4	2.2	562.45	1.376	12.42
-2.6	2.2	560.51	1.379	10.83
-2.8	2	560.88	1.379	10.63
-2.6	2	561.84	1.377	12.37
-2.4	2	562.72	1.376	12.52
-2.2	2	562.69	1.375	12.78
-2	2	561.15	1.377	13.16
-1.8	2	562.10	1.376	12.71
-1.6	2	562.14	1.376	13.00
-1.4	2	562.70	1.375	12.81
-1.2	2	562.13	1.375	12.55
-1	2	561.23	1.376	12.75
-0.8	2	561.62	1.376	12.56
-0.6	2	561.82	1.375	12.62
-0.4	2	561.68	1.375	12.55
-0.2	2	561.56	1.375	12.69
0	2	561.64	1.375	12.27
0.2	2	561.32	1.375	12.87
0.4	2	561.52	1.375	12.13
0.6	2	561.20	1.375	12.23
0.8	2	561.54	1.374	11.84
1	2	560.71	1.376	11.99
1.2	2	560.59	1.376	11.92
1.4	2	560.69	1.375	12.08
1.6	2	560.39	1.375	12.97
1.8	2	559.94	1.375	11.37
2	2	559.94	1.375	11.34
2.2	2	560.03	1.375	10.86
2.4	2	559.18	1.375	11.21
2.6	2	559.54	1.376	11.24
2.8	2	559.57	1.376	10.41
3	1.8	558.88	1.376	10.41
2.8	1.8	560.04	1.375	11.66
2.6	1.8	559.12	1.376	11.12
2.4	1.8	559.22	1.376	13.13
2.2	1.8	560.11	1.375	10.88
2	1.8	560.26	1.375	12.16
1.8	1.8	559.77	1.376	12.73
1.6	1.8	560.82	1.375	12.23
1.4	1.8	560.63	1.375	11.56
1.2	1.8	560.77	1.376	12.35
1	1.8	560.68	1.375	11.73
0.8	1.8	560.97	1.375	11.89
0.6	1.8	561.24	1.375	12.58
0.4	1.8	560.85	1.376	12.49
0.2	1.8	561.21	1.376	11.93
0	1.8	561.09	1.375	12.47
-0.2	1.8	561.17	1.376	12.71
-0.4	1.8	561.80	1.375	12.59
-0.6	1.8	562.07	1.375	12.43
-0.8	1.8	562.12	1.375	12.26
-1	1.8	561.75	1.375	12.87
-1.2	1.8	562.29	1.375	12.69
-1.4	1.8	562.20	1.376	12.82
-1.6	1.8	562.42	1.376	12.78
-1.8	1.8	561.95	1.376	13.06
-2	1.8	562.09	1.376	12.63
-2.2	1.8	563.76	1.375	15.00
-2.4	1.8	562.62	1.375	12.97
-2.6	1.8	562.28	1.376	12.57
-2.8	1.8	562.31	1.377	12.10
-3	1.8	562.27	1.378	11.96
-3	1.6	561.64	1.378	11.75
-2.8	1.6	561.94	1.377	12.65
-2.6	1.6	562.64	1.376	12.74
-2.4	1.6	562.58	1.376	13.07
-2.2	1.6	562.57	1.375	13.21
-2	1.6	562.15	1.376	13.05
-1.8	1.6	562.22	1.375	13.00
-1.6	1.6	562.41	1.375	12.72
-1.4	1.6	562.23	1.376	12.70
-1.2	1.6	561.85	1.376	12.58
-1	1.6	562.46	1.375	12.26
-0.8	1.6	562.10	1.375	12.54
-0.6	1.6	562.09	1.375	12.41
-0.4	1.6	562.04	1.375	12.56
-0.2	1.6	561.41	1.375	12.74
0	1.6	561.42	1.375	12.35
0.2	1.6	560.87	1.375	12.22
0.4	1.6	561.31	1.375	12.01
0.6	1.6	561.08	1.376	12.67
0.8	1.6	561.02	1.376	13.05
1	1.6	560.75	1.375	11.75
1.2	1.6	561.22	1.375	11.53
1.4	1.6	560.95	1.375	12.70
1.6	1.6	560.33	1.376	11.50
1.8	1.6	560.31	1.375	12.87
2	1.6	559.84	1.375	11.52
2.2	1.6	559.73	1.375	11.49
2.4	1.6	561.97	1.375	13.78
2.6	1.6	559.80	1.375	11.23
2.8	1.6	559.74	1.375	11.93
3	1.6	559.26	1.376	10.52
3.2	1.4	558.62	1.376	10.29
3	1.4	559.65	1.375	10.88
2.8	1.4	559.54	1.375	11.88
2.6	1.4	559.32	1.375	10.88
2.4	1.4	559.82	1.375	11.15
2.2	1.4	560.00	1.375	12.35
2	1.4	559.88	1.375	11.18
1.8	1.4	560.53	1.375	11.31
1.6	1.4	560.40	1.375	11.40
1.4	1.4	560.31	1.376	11.45
1.2	1.4	561.50	1.376	15.37
1	1.4	560.75	1.375	11.91
0.8	1.4	561.13	1.375	12.87
0.6	1.4	560.74	1.376	12.02
0.4	1.4	560.50	1.376	12.32
0.2	1.4	561.02	1.375	12.29
0	1.4	561.67	1.375	12.17
-0.2	1.4	562.05	1.375	13.04
-0.4	1.4	561.97	1.375	12.31
-0.6	1.4	562.18	1.375	12.36
-0.8	1.4	562.50	1.375	12.33
-1	1.4	561.86	1.376	12.96
-1.2	1.4	562.45	1.375	12.48
-1.4	1.4	562.32	1.376	14.21
-1.6	1.4	562.57	1.375	13.00
-1.8	1.4	562.20	1.375	13.07
-2	1.4	562.44	1.375	13.02
-2.2	1.4	562.49	1.375	13.17
-2.4	1.4	562.57	1.376	13.06
-2.6	1.4	562.63	1.376	12.86
-2.8	1.4	561.66	1.377	12.41
-3	1.4	561.54	1.377	12.78
-3.2	1.4	561.68	1.379	11.98
-3.2	1.2	562.03	1.378	11.94
-3	1.2	561.32	1.377	12.39
-2.8	1.2	561.97	1.377	12.63
-2.6	1.2	562.75	1.376	12.85
-2.4	1.2	562.91	1.375	12.95
-2.2	1.2	562.51	1.375	13.13
-2	1.2	562.60	1.375	13.08
-1.8	1.2	562.18	1.376	13.06
-1.6	1.2	562.32	1.375	13.03
-1.4	1.2	562.10	1.375	12.98
-1.2	1.2	563.23	1.375	13.54
-1	1.2	562.19	1.375	12.81
-0.8	1.2	562.48	1.375	12.23
-0.6	1.2	562.17	1.376	13.29
-0.4	1.2	561.72	1.376	12.63
-0.2	1.2	560.98	1.376	12.44
0	1.2	561.02	1.376	12.29
0.2	1.2	561.10	1.375	12.35
0.4	1.2	560.91	1.376	12.15
0.6	1.2	560.44	1.376	11.73
0.8	1.2	560.63	1.375	11.95
1	1.2	560.83	1.375	12.69
1.2	1.2	560.71	1.375	11.95
1.4	1.2	560.72	1.377	12.93
1.6	1.2	560.94	1.375	12.23
1.8	1.2	560.20	1.375	12.07
2	1.2	560.18	1.375	11.77
2.2	1.2	559.64	1.375	11.25
2.4	1.2	560.04	1.375	11.17
2.6	1.2	559.87	1.375	11.45
2.8	1.2	559.88	1.375	10.90
3	1.2	559.43	1.375	10.43
3.2	1.2	559.07	1.376	10.80
3.4	1	557.70	1.377	10.30
3.2	1	559.29	1.375	11.49
3	1	559.03	1.376	11.40
2.8	1	559.55	1.375	11.96
2.6	1	561.45	1.375	15.22
2.4	1	560.81	1.374	11.99
2.2	1	560.15	1.375	10.89
2	1	560.15	1.375	11.69
1.8	1	560.20	1.375	11.36
1.6	1	560.37	1.375	11.79
1.4	1	560.44	1.375	11.72
1.2	1	559.98	1.376	11.96
1	1	559.96	1.376	12.07
0.8	1	560.67	1.376	12.59
0.6	1	560.26	1.376	11.94
0.4	1	560.57	1.376	12.08
0.2	1	560.73	1.378	14.34
0	1	561.17	1.375	12.05
-0.2	1	561.33	1.376	12.36
-0.4	1	561.07	1.376	12.29
-0.6	1	562.15	1.375	12.29
-0.8	1	561.96	1.376	12.63
-1	1	562.35	1.375	12.46
-1.2	1	562.20	1.375	12.82
-1.4	1	562.12	1.375	12.74
-1.6	1	562.39	1.375	13.09
-1.8	1	562.77	1.375	13.12
-2	1	562.73	1.375	13.10
-2.2	1	562.41	1.376	13.12
-2.4	1	562.61	1.376	13.15
-2.6	1	562.86	1.376	12.84
-2.8	1	562.91	1.376	13.50
-3	1	561.97	1.377	13.52
-3.2	1	564.31	1.377	15.21
-3.4	1	561.92	1.381	11.84
-3.4	0.8	560.25	1.383	11.17
-3.2	0.8	561.07	1.379	12.17
-3	0.8	562.30	1.377	12.56
-2.8	0.8	562.34	1.377	12.87
-2.6	0.8	563.24	1.376	12.73
-2.4	0.8	562.29	1.376	13.05
-2.2	0.8	562.76	1.375	12.99
-2	0.8	562.77	1.375	12.92
-1.8	0.8	563.00	1.375	12.93
-1.6	0.8	562.72	1.375	12.72
-1.4	0.8	562.14	1.376	12.82
-1.2	0.8	562.30	1.375	12.53
-1	0.8	561.89	1.376	12.65
-0.8	0.8	562.21	1.375	12.23
-0.6	0.8	561.82	1.376	12.28
-0.4	0.8	561.72	1.376	12.14
-0.2	0.8	561.33	1.376	12.13
0	0.8	561.26	1.376	12.15
0.2	0.8	561.18	1.375	11.96
0.4	0.8	560.79	1.376	11.97
0.6	0.8	560.85	1.376	12.34
0.8	0.8	560.83	1.375	11.56
1	0.8	560.43	1.376	12.44
1.2	0.8	560.36	1.376	13.20
1.4	0.8	559.83	1.376	11.93
1.6	0.8	559.71	1.376	11.63
1.8	0.8	560.18	1.375	11.67
2	0.8	559.61	1.376	11.28
2.2	0.8	560.03	1.375	10.99
2.4	0.8	560.36	1.375	10.86
2.6	0.8	559.86	1.375	10.79
2.8	0.8	559.53	1.375	11.62
3	0.8	559.44	1.375	10.45
3.2	0.8	559.49	1.376	12.35
3.4	0.8	559.13	1.376	11.58
3.4	0.6	558.21	1.376	10.35
3.2	0.6	559.10	1.375	10.98
3	0.6	559.04	1.375	11.29
2.8	0.6	559.08	1.375	10.95
2.6	0.6	560.72	1.375	13.29
2.4	0.6	560.06	1.375	10.85
2.2	0.6	562.20	1.374	13.11
2	0.6	561.50	1.374	13.40
1.8	0.6	559.67	1.376	11.57
1.6	0.6	559.83	1.376	13.02
1.4	0.6	559.75	1.376	11.51
1.2	0.6	560.38	1.376	12.62
1	0.6	560.68	1.376	11.66
0.8	0.6	560.44	1.376	12.00
0.6	0.6	560.77	1.376	14.10
0.4	0.6	561.29	1.375	12.99
0.2	0.6	561.18	1.376	12.04
0	0.6	561.37	1.375	12.02
-0.2	0.6	561.17	1.376	11.81
-0.4	0.6	561.59	1.376	12.08
-0.6	0.6	562.05	1.375	12.06
-0.8	0.6	562.18	1.376	12.00
-1	0.6	561.62	1.376	12.35
-1.2	0.6	562.27	1.375	12.54
-1.4	0.6	562.12	1.376	12.94
-1.6	0.6	563.14	1.375	12.93
-1.8	0.6	563.26	1.375	12.94
-2	0.6	562.67	1.376	12.78
-2.2	0.6	562.34	1.376	12.81
-2.4	0.6	562.41	1.376	12.67
-2.6	0.6	562.41	1.377	12.76
-2.8	0.6	562.18	1.377	13.29
-3	0.6	562.67	1.376	12.70
-3.2	0.6	561.18	1.378	12.41
-3.4	0.6	559.93	1.382	11.25
-3.4	0.4	560.47	1.381	12.08
-3.2	0.4	561.62	1.378	12.68
-3	0.4	562.40	1.377	12.85
-2.8	0.4	562.69	1.376	12.77
-2.6	0.4	562.42	1.377	12.47
-2.4	0.4	561.40	1.377	13.12
-2.2	0.4	562.55	1.376	12.71
-2	0.4	562.89	1.375	12.74
-1.8	0.4	563.22	1.375	12.63
-1.6	0.4	562.87	1.375	12.55
-1.4	0.4	562.17	1.376	12.39
-1.2	0.4	561.94	1.376	12.80
-1	0.4	561.65	1.376	12.31
-0.8	0.4	561.81	1.376	12.76
-0.6	0.4	561.41	1.376	12.38
-0.4	0.4	561.00	1.376	12.06
-0.2	0.4	560.92	1.376	12.06
0	0.4	560.97	1.376	12.03
0.2	0.4	560.53	1.377	12.15
0.4	0.4	560.59	1.376	11.86
0.6	0.4	560.66	1.375	11.63
0.8	0.4	559.84	1.376	12.00
1	0.4	560.11	1.376	12.05
1.2	0.4	560.04	1.376	12.40
1.4	0.4	559.86	1.376	11.69
1.6	0.4	560.66	1.376	13.56
1.8	0.4	560.21	1.375	11.66
2	0.4	560.02	1.375	11.24
2.2	0.4	560.32	1.375	11.85
2.4	0.4	559.59	1.375	11.15
2.6	0.4	560.48	1.375	12.20
2.8	0.4	559.55	1.375	11.91
3	0.4	559.10	1.375	11.55
3.2	0.4	559.45	1.375	12.08
3.4	0.4	558.95	1.375	11.46
3.4	0.2	558.57	1.376	10.34
3.2	0.2	559.12	1.375	10.49
3	0.2	559.37	1.375	10.79
2.8	0.2	560.16	1.374	11.01
2.6	0.2	559.77	1.375	10.80
2.4	0.2	559.97	1.375	10.86
2.2	0.2	560.15	1.375	10.82
2	0.2	560.26	1.375	11.76
1.8	0.2	560.06	1.376	13.14
1.6	0.2	559.93	1.376	12.04
1.4	0.2	559.28	1.377	11.99
1.2	0.2	561.27	1.375	12.54
1	0.2	560.10	1.376	11.81
0.8	0.2	560.68	1.376	13.07
0.6	0.2	559.97	1.377	12.04
0.4	0.2	560.44	1.377	13.50
0.2	0.2	561.07	1.376	11.70
0	0.2	561.17	1.376	11.88
-0.2	0.2	560.79	1.377	12.03
-0.4	0.2	561.40	1.376	12.02
-0.6	0.2	561.20	1.376	12.39
-0.8	0.2	561.95	1.375	12.21
-1	0.2	561.75	1.376	12.63
-1.2	0.2	561.92	1.376	12.56
-1.4	0.2	562.43	1.376	12.35
-1.6	0.2	562.28	1.376	12.83
-1.8	0.2	562.65	1.376	12.47
-2	0.2	563.26	1.375	12.44
-2.2	0.2	562.64	1.376	12.81
-2.4	0.2	562.22	1.377	12.95
-2.6	0.2	562.17	1.377	12.62
-2.8	0.2	561.59	1.377	12.58
-3	0.2	562.00	1.377	12.66
-3.2	0.2	561.29	1.378	12.53
-3.4	0.2	561.15	1.380	11.59
-3.4	0	561.54	1.381	12.07
-3.2	0	561.13	1.379	12.09
-3	0	561.68	1.377	12.36
-2.8	0	561.70	1.377	12.16
-2.6	0	562.33	1.376	12.56
-2.4	0	562.90	1.377	12.95
-2.2	0	562.71	1.377	12.60
-2	0	562.55	1.376	12.37
-1.8	0	562.26	1.376	12.55
-1.6	0	562.11	1.376	12.46
-1.4	0	561.74	1.377	12.44
-1.2	0	561.96	1.376	12.63
-1	0	562.00	1.376	12.55
-0.8	0	561.81	1.376	12.13
-0.6	0	561.49	1.376	12.07
-0.4	0	561.11	1.376	11.95
-0.2	0	561.25	1.376	11.60
0	0	560.58	1.377	12.13
0.2	0	560.59	1.377	12.12
0.4	0	562.15	1.376	13.99
0.6	0	561.62	1.376	12.73
0.8	0	560.56	1.376	12.26
1	0	559.84	1.377	12.06
1.2	0	559.74	1.376	11.79
1.4	0	560.03	1.376	12.62
1.6	0	560.34	1.376	13.46
1.8	0	560.10	1.376	12.10
2	0	559.90	1.375	11.42
2.2	0	559.76	1.375	11.22
2.4	0	559.85	1.375	11.12
2.6	0	559.75	1.375	11.19
2.8	0	559.24	1.375	11.04
3	0	559.59	1.375	11.38
3.2	0	558.98	1.376	10.84
3.4	0	558.83	1.377	12.22
3.4	-0.2	558.24	1.376	10.59
3.2	-0.2	559.92	1.375	11.71
3	-0.2	559.26	1.375	10.70
2.8	-0.2	560.06	1.375	11.77
2.6	-0.2	560.53	1.374	10.75
2.4	-0.2	559.99	1.375	11.67
2.2	-0.2	560.45	1.375	11.76
2	-0.2	560.18	1.375	11.47
1.8	-0.2	559.90	1.376	11.75
1.6	-0.2	559.61	1.376	11.39
1.4	-0.2	559.40	1.376	11.49
1.2	-0.2	559.75	1.376	11.79
1	-0.2	559.98	1.377	12.64
0.8	-0.2	561.06	1.377	13.50
0.6	-0.2	561.53	1.377	13.04
0.4	-0.2	560.98	1.376	11.58
0.2	-0.2	561.08	1.376	11.56
0	-0.2	560.83	1.377	11.87
-0.2	-0.2	561.69	1.376	11.82
-0.4	-0.2	561.70	1.376	11.93
-0.6	-0.2	561.37	1.376	12.05
-0.8	-0.2	561.52	1.376	12.22
-1	-0.2	561.62	1.376	12.41
-1.2	-0.2	562.16	1.376	12.57
-1.4	-0.2	562.22	1.376	12.45
-1.6	-0.2	561.59	1.377	12.47
-1.8	-0.2	562.20	1.376	12.51
-2	-0.2	562.03	1.377	12.27
-2.2	-0.2	562.75	1.377	12.24
-2.4	-0.2	562.97	1.377	12.53
-2.6	-0.2	561.89	1.377	12.85
-2.8	-0.2	561.81	1.377	13.26
-3	-0.2	560.97	1.379	12.52
-3.2	-0.2	561.23	1.379	11.88
-3.4	-0.2	560.14	1.382	11.29
-3.4	-0.4	559.04	1.384	11.06
-3.2	-0.4	561.18	1.379	11.80
-3	-0.4	562.55	1.378	13.61
-2.8	-0.4	561.22	1.378	12.40
-2.6	-0.4	560.95	1.378	12.37
-2.4	-0.4	561.69	1.378	12.27
-2.2	-0.4	562.21	1.378	12.30
-2	-0.4	562.58	1.377	12.28
-1.8	-0.4	561.68	1.376	12.38
-1.6	-0.4	562.11	1.376	12.60
-1.4	-0.4	562.17	1.376	12.76
-1.2	-0.4	562.26	1.376	12.44
-1	-0.4	562.04	1.376	12.23
-0.8	-0.4	561.19	1.376	12.00
-0.6	-0.4	561.13	1.376	11.81
-0.4	-0.4	561.58	1.376	11.66
-0.2	-0.4	561.66	1.376	12.00
0	-0.4	561.03	1.377	11.71
0.2	-0.4	560.02	1.378	11.75
0.4	-0.4	560.66	1.377	11.42
0.6	-0.4	559.89	1.377	11.69
0.8	-0.4	560.21	1.377	12.67
1	-0.4	559.53	1.377	11.44
1.2	-0.4	559.59	1.377	12.48
1.4	-0.4	559.87	1.376	11.49
1.6	-0.4	560.37	1.376	11.65
1.8	-0.4	560.13	1.375	10.97
2	-0.4	560.17	1.375	11.21
2.2	-0.4	560.26	1.375	11.72
2.4	-0.4	560.06	1.375	12.02
2.6	-0.4	559.76	1.375	11.28
2.8	-0.4	560.38	1.375	12.55
3	-0.4	558.97	1.376	10.80
3.2	-0.4	558.91	1.375	10.37
3.4	-0.4	558.77	1.376	10.39
3.4	-0.6	558.21	1.376	10.23
3.2	-0.6	558.54	1.376	11.04
3	-0.6	558.90	1.376	11.22
2.8	-0.6	559.66	1.375	10.73
2.6	-0.6	559.97	1.375	10.88
2.4	-0.6	560.23	1.375	11.16
2.2	-0.6	560.27	1.375	11.02
2	-0.6	560.07	1.376	11.03
1.8	-0.6	560.27	1.376	12.85
1.6	-0.6	560.21	1.376	11.59
1.4	-0.6	560.63	1.376	12.36
1.2	-0.6	559.98	1.376	11.43
1	-0.6	559.77	1.378	11.93
0.8	-0.6	559.73	1.378	11.44
0.6	-0.6	560.17	1.377	11.38
0.4	-0.6	559.87	1.378	11.41
0.2	-0.6	560.27	1.378	11.42
0	-0.6	561.22	1.377	11.57
-0.2	-0.6	561.89	1.376	11.87
-0.4	-0.6	561.61	1.376	12.00
-0.6	-0.6	561.45	1.376	12.10
-0.8	-0.6	561.67	1.377	11.77
-1	-0.6	561.56	1.377	12.30
-1.2	-0.6	562.15	1.377	12.11
-1.4	-0.6	562.22	1.376	11.97
-1.6	-0.6	562.14	1.376	12.30
-1.8	-0.6	561.92	1.376	12.98
-2	-0.6	562.14	1.377	12.36
-2.2	-0.6	562.19	1.377	12.39
-2.4	-0.6	562.05	1.377	12.26
-2.6	-0.6	560.09	1.379	12.19
-2.8	-0.6	560.12	1.380	11.69
-3	-0.6	558.61	1.382	10.66
-3.2	-0.6	558.59	1.382	10.96
-3.4	-0.6	558.25	1.384	10.29
-3.4	-0.8	559.83	1.383	11.23
-3.2	-0.8	559.85	1.382	11.17
-3	-0.8	560.07	1.381	11.50
-2.8	-0.8	561.61	1.379	11.68
-2.6	-0.8	561.46	1.378	11.92
-2.4	-0.8	561.86	1.378	12.02
-2.2	-0.8	562.45	1.377	12.72
-2	-0.8	562.45	1.376	12.42
-1.8	-0.8	561.88	1.376	12.00
-1.6	-0.8	561.44	1.377	12.31
-1.4	-0.8	561.73	1.377	12.08
-1.2	-0.8	562.12	1.376	11.95
-1	-0.8	561.89	1.376	11.82
-0.8	-0.8	561.35	1.377	12.07
-0.6	-0.8	561.82	1.376	12.08
-0.4	-0.8	562.56	1.377	11.73
-0.2	-0.8	561.52	1.376	11.78
0	-0.8	560.90	1.377	11.59
0.2	-0.8	559.99	1.378	11.73
0.4	-0.8	560.13	1.378	12.45
0.6	-0.8	560.05	1.378	11.29
0.8	-0.8	559.51	1.378	11.82
1	-0.8	560.02	1.377	11.71
1.2	-0.8	559.54	1.377	11.68
1.4	-0.8	560.05	1.376	11.90
1.6	-0.8	560.25	1.376	12.08
1.8	-0.8	560.36	1.376	11.55
2	-0.8	560.07	1.376	11.33
2.2	-0.8	560.77	1.375	10.93
2.4	-0.8	560.15	1.375	10.85
2.6	-0.8	559.71	1.375	10.92
2.8	-0.8	559.73	1.375	10.77
3	-0.8	559.11	1.375	10.90
3.2	-0.8	558.56	1.376	10.77
3.4	-0.8	559.23	1.377	11.27
3.4	-1	557.70	1.377	9.88
3.2	-1	558.27	1.377	11.39
3	-1	560.32	1.375	13.11
2.6	-1	559.26	1.376	11.45
2.4	-1	560.15	1.375	10.87
2.2	-1	560.23	1.375	11.09
2	-1	561.31	1.376	13.67
1.8	-1	560.53	1.375	10.93
1.6	-1	560.66	1.376	11.81
1.4	-1	560.06	1.376	11.38
1.2	-1	559.91	1.377	12.38
1	-1	559.91	1.377	11.48
0.8	-1	560.01	1.377	11.43
0.6	-1	560.21	1.378	11.61
0.4	-1	560.97	1.377	11.25
0.2	-1	560.40	1.377	11.69
0	-1	561.06	1.377	11.33
-0.2	-1	561.80	1.376	11.52
-0.4	-1	560.71	1.378	11.72
-0.6	-1	561.92	1.376	11.53
-0.8	-1	562.02	1.376	11.55
-1	-1	561.78	1.377	11.55
-1.2	-1	562.01	1.376	11.70
-1.4	-1	561.36	1.377	11.60
-1.6	-1	561.15	1.377	11.59
-1.8	-1	561.57	1.377	11.72
-2	-1	561.69	1.377	12.00
-2.2	-1	562.33	1.377	12.56
-2.4	-1	562.29	1.377	12.21
-2.6	-1	562.10	1.377	12.48
-2.8	-1	561.46	1.380	11.75
-3	-1	561.82	1.379	11.73
-3.2	-1	561.60	1.379	12.16
-3.4	-1	560.70	1.381	11.28
-3.2	-1.2	560.93	1.380	11.56
-3	-1.2	562.09	1.378	12.11
-2.8	-1.2	562.41	1.378	12.06
-2.6	-1.2	562.61	1.377	12.21
-2.4	-1.2	562.23	1.378	11.68
-2.2	-1.2	562.16	1.378	11.67
-2	-1.2	562.02	1.378	12.78
-1.8	-1.2	561.69	1.377	11.62
-1.6	-1.2	561.91	1.376	11.56
-1.4	-1.2	561.48	1.376	11.71
-1.2	-1.2	561.81	1.376	11.71
-1	-1.2	561.67	1.377	11.67
-0.8	-1.2	561.63	1.377	11.24
-0.6	-1.2	561.64	1.377	11.77
-0.4	-1.2	561.98	1.376	11.63
-0.2	-1.2	561.54	1.376	11.68
0	-1.2	561.70	1.376	11.74
0.2	-1.2	560.81	1.377	11.60
0.4	-1.2	560.48	1.377	11.56
0.6	-1.2	560.41	1.377	11.32
0.8	-1.2	559.93	1.378	11.43
1	-1.2	560.12	1.377	11.46
1.2	-1.2	560.46	1.376	11.35
1.4	-1.2	560.90	1.375	11.27
1.6	-1.2	560.82	1.375	11.15
1.8	-1.2	560.19	1.375	11.41
2	-1.2	560.31	1.375	11.29
2.2	-1.2	559.80	1.375	11.33
2.4	-1.2	559.69	1.375	11.23
2.6	-1.2	560.27	1.374	11.50
2.8	-1.2	559.30	1.375	12.33
3	-1.2	558.75	1.376	11.11
3.2	-1.2	558.09	1.377	11.05
3.2	-1.4	558.88	1.376	10.97
3	-1.4	559.42	1.376	12.89
2.8	-1.4	558.87	1.376	11.38
2.6	-1.4	559.10	1.375	11.95
2.4	-1.4	562.24	1.378	17.18
2.2	-1.4	560.01	1.375	10.92
2	-1.4	560.19	1.375	10.78
1.8	-1.4	560.09	1.375	11.17
1.6	-1.4	560.41	1.375	11.13
1.4	-1.4	560.73	1.376	11.15
1.2	-1.4	560.58	1.376	11.45
1	-1.4	560.60	1.377	11.53
0.8	-1.4	560.90	1.376	11.76
0.6	-1.4	560.56	1.376	11.43
0.4	-1.4	560.62	1.377	11.46
0.2	-1.4	561.54	1.376	11.43
0	-1.4	561.19	1.377	11.92
-0.2	-1.4	561.38	1.377	11.65
-0.4	-1.4	561.79	1.376	11.85
-0.6	-1.4	561.91	1.376	12.16
-0.8	-1.4	562.27	1.376	11.65
-1	-1.4	561.88	1.376	11.62
-1.2	-1.4	562.46	1.377	11.91
-1.4	-1.4	562.06	1.377	11.40
-1.6	-1.4	562.59	1.377	11.81
-1.8	-1.4	562.29	1.377	11.62
-2	-1.4	563.11	1.376	11.66
-2.2	-1.4	561.93	1.378	11.61
-2.4	-1.4	561.17	1.379	11.44
-2.6	-1.4	562.15	1.378	11.78
-2.8	-1.4	562.90	1.379	13.39
-3	-1.4	561.89	1.378	11.55
-3.2	-1.4	561.18	1.379	11.29
-3	-1.6	561.16	1.378	11.57
-2.8	-1.6	562.79	1.377	11.63
-2.6	-1.6	562.05	1.379	11.96
-2.4	-1.6	561.19	1.379	10.74
-2.2	-1.6	561.51	1.378	11.35
-2	-1.6	562.13	1.377	12.52
-1.8	-1.6	562.64	1.377	12.15
-1.6	-1.6	562.57	1.376	11.62
-1.4	-1.6	562.35	1.376	11.81
-1.2	-1.6	562.37	1.376	11.90
-1	-1.6	561.90	1.377	12.06
-0.8	-1.6	563.05	1.375	11.50
-0.6	-1.6	562.38	1.376	11.35
-0.4	-1.6	561.59	1.377	11.19
-0.2	-1.6	561.78	1.377	11.60
0	-1.6	561.99	1.377	11.73
0.2	-1.6	562.02	1.377	12.22
0.4	-1.6	561.36	1.376	11.64
0.6	-1.6	560.15	1.377	11.95
0.8	-1.6	560.65	1.376	11.47
1	-1.6	566.99	1.381	10.15
1.2	-1.6	560.48	1.376	11.51
1.4	-1.6	560.59	1.376	11.74
1.6	-1.6	560.22	1.376	11.45
1.8	-1.6	560.26	1.375	11.18
2	-1.6	559.99	1.375	11.31
2.2	-1.6	559.72	1.375	11.37
2.4	-1.6	559.22	1.375	11.59
2.6	-1.6	559.39	1.375	11.34
2.8	-1.6	558.73	1.376	11.14
3	-1.6	558.17	1.376	10.74
3	-1.8	558.57	1.376	10.10
2.8	-1.8	558.86	1.377	10.41
2.6	-1.8	559.26	1.376	10.93
2.4	-1.8	559.52	1.375	10.89
2.2	-1.8	559.86	1.375	10.75
2	-1.8	560.30	1.375	11.14
1.8	-1.8	560.13	1.375	11.15
1.6	-1.8	560.07	1.376	11.40
1.4	-1.8	560.63	1.376	11.29
1.2	-1.8	560.76	1.376	11.50
1	-1.8	561.10	1.376	11.84
0.8	-1.8	561.12	1.376	11.79
0.6	-1.8	561.04	1.376	11.97
0.4	-1.8	561.91	1.375	11.93
0.2	-1.8	561.64	1.376	11.66
0	-1.8	562.92	1.376	12.79
-0.2	-1.8	562.18	1.377	11.43
-0.4	-1.8	561.77	1.377	12.06
-0.6	-1.8	562.51	1.376	11.65
-0.8	-1.8	562.19	1.376	11.55
-1	-1.8	562.51	1.376	11.35
-1.2	-1.8	562.39	1.376	11.57
-1.4	-1.8	562.84	1.376	12.17
-1.6	-1.8	563.05	1.376	11.67
-1.8	-1.8	562.55	1.377	11.27
-2	-1.8	561.66	1.378	11.49
-2.2	-1.8	560.95	1.379	11.12
-2.4	-1.8	560.57	1.380	10.68
-2.6	-1.8	559.57	1.382	10.93
-2.8	-1.8	561.18	1.378	11.87
-3	-1.8	560.77	1.379	10.93
-2.8	-2	560.95	1.379	10.98
-2.6	-2	560.46	1.381	10.40
-2.4	-2	559.68	1.381	10.83
-2.2	-2	560.60	1.379	11.00
-2	-2	563.73	1.378	11.76
-1.8	-2	562.49	1.377	12.14
-1.6	-2	562.29	1.377	12.10
-1.4	-2	561.68	1.378	11.29
-1.2	-2	561.90	1.377	11.47
-1	-2	562.78	1.376	11.75
-0.8	-2	562.68	1.376	12.06
-0.6	-2	562.39	1.376	12.09
-0.4	-2	561.87	1.377	11.75
-0.2	-2	561.40	1.379	12.46
0	-2	561.47	1.377	12.13
0.2	-2	561.64	1.376	12.19
0.4	-2	561.14	1.376	12.30
0.6	-2	561.36	1.376	12.28
0.8	-2	561.02	1.376	11.87
1	-2	561.09	1.375	11.47
1.2	-2	560.70	1.375	11.40
1.4	-2	560.40	1.376	11.53
1.6	-2	560.47	1.375	11.30
1.8	-2	559.99	1.376	11.33
2	-2	560.13	1.375	11.72
2.2	-2	559.58	1.376	11.35
2.4	-2	559.93	1.375	10.72
2.6	-2	558.97	1.377	10.62
2.8	-2	558.80	1.377	10.22
2.6	-2.2	558.87	1.377	10.12
2.4	-2.2	559.46	1.376	10.47
2.2	-2.2	559.52	1.376	10.95
2	-2.2	560.06	1.376	11.18
1.8	-2.2	560.01	1.376	11.12
1.6	-2.2	560.40	1.375	11.39
1.4	-2.2	560.99	1.375	11.24
1.2	-2.2	560.59	1.375	11.77
1	-2.2	560.37	1.376	12.16
0.8	-2.2	560.67	1.376	12.07
0.6	-2.2	561.47	1.375	11.87
0.4	-2.2	561.34	1.375	11.95
0.2	-2.2	561.18	1.376	11.83
0	-2.2	561.44	1.377	12.04
-0.2	-2.2	561.89	1.377	12.20
-0.4	-2.2	562.28	1.375	12.60
-0.6	-2.2	562.67	1.379	11.52
-0.8	-2.2	562.98	1.377	11.65
-1	-2.2	563.45	1.375	12.60
-1.2	-2.2	562.37	1.376	11.99
-1.4	-2.2	561.67	1.378	11.49
-1.6	-2.2	561.35	1.379	11.13
-1.8	-2.2	562.24	1.378	11.27
-2	-2.2	562.30	1.377	11.75
-2.2	-2.2	561.36	1.378	11.57
-2.4	-2.2	561.30	1.379	12.30
-2.6	-2.2	561.51	1.379	11.17
-2.6	-2.4	560.47	1.381	11.34
-2.4	-2.4	560.95	1.379	11.47
-2.2	-2.4	561.20	1.378	11.38
-2	-2.4	561.52	1.378	11.08
-1.8	-2.4	558.80	1.383	10.18
-1.6	-2.4	560.84	1.380	11.71
-1.4	-2.4	562.21	1.377	12.03
-1.2	-2.4	562.40	1.376	12.18
-1	-2.4	562.29	1.377	11.61
-0.8	-2.4	561.30	1.380	13.55
-0.6	-2.4	562.16	1.377	12.46
-0.4	-2.4	562.66	1.376	12.91
-0.2	-2.4	563.36	1.376	11.90
0	-2.4	561.87	1.376	12.16
0.2	-2.4	561.05	1.376	12.49
0.4	-2.4	561.67	1.375	11.87
0.6	-2.4	561.62	1.375	12.10
0.8	-2.4	562.06	1.375	11.91
1	-2.4	560.52	1.375	12.13
1.2	-2.4	560.30	1.376	12.46
1.4	-2.4	560.55	1.375	11.67
1.6	-2.4	560.59	1.375	11.39
1.8	-2.4	559.65	1.376	11.36
2	-2.4	559.96	1.376	11.24
2.2	-2.4	558.30	1.378	10.55
2.4	-2.4	558.60	1.379	10.32
2.6	-2.4	558.68	1.377	9.69
2.4	-2.6	559.08	1.376	10.20
2.2	-2.6	558.98	1.377	10.54
2	-2.6	559.04	1.377	10.91
1.8	-2.6	559.89	1.375	11.66
1.6	-2.6	560.44	1.375	11.66
1.4	-2.6	560.57	1.375	11.97
1.2	-2.6	560.61	1.375	11.87
1	-2.6	560.72	1.375	11.70
0.8	-2.6	561.20	1.375	12.02
0.6	-2.6	561.61	1.375	11.58
0.4	-2.6	561.10	1.376	11.92
0.2	-2.6	561.81	1.376	11.68
0	-2.6	562.42	1.375	12.51
-0.2	-2.6	562.30	1.376	11.77
-0.4	-2.6	561.91	1.376	12.17
-0.6	-2.6	561.85	1.377	12.07
-0.8	-2.6	560.79	1.381	14.80
-1	-2.6	562.67	1.376	12.92
-1.2	-2.6	562.15	1.377	11.59
-1.4	-2.6	562.41	1.377	11.81
-1.6	-2.6	562.73	1.378	11.86
-1.8	-2.6	558.74	1.383	9.92
-2	-2.6	558.69	1.382	10.39
-2.2	-2.6	561.33	1.379	11.18
-2.4	-2.6	560.68	1.380	10.95
-2	-2.8	555.96	1.386	9.23
-1.8	-2.8	560.12	1.380	10.54
-1.6	-2.8	561.87	1.378	11.32
-1.4	-2.8	561.60	1.378	11.63
-1.2	-2.8	562.35	1.377	12.24
-1	-2.8	561.69	1.378	12.03
-0.8	-2.8	562.10	1.377	12.03
-0.6	-2.8	561.94	1.376	12.46
-0.4	-2.8	561.45	1.376	12.42
-0.2	-2.8	561.95	1.376	11.97
0	-2.8	561.31	1.376	12.16
0.2	-2.8	562.34	1.375	12.33
0.4	-2.8	561.39	1.376	11.82
0.6	-2.8	561.70	1.375	11.64
0.8	-2.8	561.44	1.375	11.65
1	-2.8	561.56	1.375	11.61
1.2	-2.8	560.74	1.375	11.74
1.4	-2.8	560.80	1.375	11.70
1.6	-2.8	560.46	1.375	11.51
1.8	-2.8	560.15	1.376	10.89
2	-2.8	560.23	1.376	11.13
1.8	-3	560.61	1.376	10.56
1.6	-3	560.55	1.376	11.43
1.4	-3	561.33	1.375	11.06
1.2	-3	561.42	1.375	11.28
1	-3	561.43	1.375	11.21
0.8	-3	561.28	1.376	11.39
0.6	-3	561.53	1.375	11.83
0.4	-3	561.37	1.376	12.05
0.2	-3	561.75	1.375	11.72
0	-3	561.78	1.376	11.86
-0.2	-3	560.73	1.377	11.90
-0.4	-3	561.86	1.376	12.56
-0.6	-3	561.45	1.377	11.76
-0.8	-3	561.40	1.378	11.82
-1	-3	562.52	1.376	11.81
-1.2	-3	560.63	1.379	11.03
-1.4	-3	561.29	1.379	11.09
-1.6	-3	558.36	1.383	9.98
-1.8	-3	557.24	1.385	9.27
-1.4	-3.2	559.03	1.383	10.33
-1.2	-3.2	561.79	1.378	11.43
-1	-3.2	561.57	1.378	11.42
-0.8	-3.2	561.57	1.377	11.60
-0.6	-3.2	561.34	1.377	11.73
-0.4	-3.2	561.31	1.377	12.08
-0.2	-3.2	561.27	1.377	11.99
0	-3.2	561.05	1.377	12.52
0.2	-3.2	561.31	1.376	12.16
0.4	-3.2	560.83	1.377	12.39
0.6	-3.2	561.29	1.376	12.24
0.8	-3.2	561.47	1.376	11.98
1	-3.2	560.50	1.377	10.61
1.2	-3.2	560.77	1.376	11.32
1.4	-3.2	560.50	1.377	10.97
1	-3.4	559.60	1.379	9.66
0.8	-3.4	559.49	1.379	9.71
0.6	-3.4	561.43	1.377	11.48
0.4	-3.4	561.80	1.376	11.58
0.2	-3.4	561.36	1.376	11.71
0	-3.4	561.39	1.377	11.62
-0.2	-3.4	562.21	1.377	12.01
-0.4	-3.4	561.59	1.377	11.50
-0.6	-3.4	561.34	1.378	11.15
-0.8	-3.4	562.00	1.378	10.92
-1	-3.4	561.37	1.379	10.53
